$ 1 0.000005 105.18789638808724 50 5 50 5e-11
b 610 144 847 528 0
207 896 208 832 208 4 P22
207 896 240 832 240 4 P21
x 661 274 797 277 4 24 ESP32\sMCU
b 798 -115 971 -3 0
x 841 -40 921 -37 4 24 INA219
207 832 32 832 -16 4 VCC
207 864 32 864 -16 4 GND
207 928 32 928 -16 4 SDA
207 896 32 896 -16 4 SCL
w 896 32 896 208 0
w 928 32 928 240 0
R 832 32 832 80 0 0 40 5 0 0 0.5
g 864 32 864 64 0 0
162 512 352 416 352 2 default-led 0 1 0 0.01
162 512 416 416 416 2 default-led 1 0 0 0.01
r 512 352 576 352 0 1000
r 512 416 576 416 0 1000
g 400 416 400 448 0 0
w 400 416 400 352 0
w 416 352 400 352 0
w 416 416 400 416 0
415 528 0 528 -64 0 0.5 1 0.15 0.15 0.02 0.005 210 0
x 506 7 512 10 4 21 -
x 513 -64 525 -61 4 21 \p
R 848 -128 848 -176 0 0 40 12 0 0 0.5
f 464 80 528 80 32 1.5 0.02
r 432 176 432 112 0 10000
r 368 80 432 80 0 220
g 528 176 528 192 0 0
w 432 80 464 80 0
w 432 112 432 80 0
w 576 496 368 496 0
w 368 496 368 80 0
w 528 -64 528 -96 0
w 432 176 528 176 0
w 528 96 528 176 0
r 880 480 944 480 0 1000
r 976 512 976 560 0 10000
g 976 560 976 576 0 0
s 976 384 976 448 0 1 false
R 976 384 976 352 0 0 40 3.3 0 0 0.5
w 944 480 976 480 0
w 976 480 976 448 0
w 976 480 976 512 0
w 1120 192 1120 272 0
w 1024 272 1120 272 0
w 1120 160 1120 80 0
w 1024 208 1024 176 0
w 1024 176 1056 176 0
g 1120 272 1120 288 0 0
r 960 176 1024 176 0 220
r 1024 272 1024 208 0 10000
f 1056 176 1120 176 32 1.5 0.02
x 947 168 970 171 4 13 P23
l 1120 0 1120 80 0 1 2.9143528192808326e-7 0
R 1120 0 1120 -48 0 0 40 12 0 0 0.5
d 1072 80 1072 0 2 default
w 1072 0 1120 0 0
w 1072 80 1120 80 0
d 592 0 592 -64 2 default
w 528 0 592 0 0
w 592 -64 528 -64 0
L 576 416 624 416 0 0 false 5 0
L 576 352 624 352 0 0 false 5 0
x 638 418 661 421 4 13 P25
L 576 496 624 496 0 0 false 5 0
x 640 500 663 503 4 13 P13
M 880 480 832 480 0 2.5
x 637 354 660 357 4 13 P32
x 793 481 816 484 4 13 P15
r 848 -80 912 -80 0 0.1
w 848 -128 848 -80 0
w 528 64 528 0 0
x 814 -79 840 -76 4 13 Vin\p
x 926 -79 948 -76 4 13 Vin-
L 864 176 832 176 0 0 false 5 0
x 996 414 1156 417 4 21 Command\sbutton
x 407 325 501 328 4 13 Working\s-\sGreen
x 420 398 492 401 4 13 Ready\s-\sRed
x 1138 21 1203 24 4 24 Cutter
x 542 -78 644 -75 4 24 DC\sMotor
w 528 -96 528 -192 0
w 528 -192 912 -192 0
w 912 -80 912 -192 0
x 797 179 820 182 4 13 P23
x 1130 178 1181 181 4 13 IRLZ44N
x 532 77 583 80 4 13 IRLZ44N
w 896 240 928 240 0
w 864 176 960 176 0
x 470 312 495 315 4 13 LED
x 471 383 496 386 4 13 LED
o 22 64 0 4099 0.0000762939453125 0.00009765625 0 2 22 3
